2026/2
52225
3100
6315
10890
13090
15100
1780
1160
620
330
210
1305
19.05
14.92
7.39
4.06
2.2
60000
12000
10000
9000
1
1
1
1
1
1
1
1
1
1
1
1
1
1
1
1
247500
94385
80965
13500
9000
9750
6395
4920
4020
30000
35000
43400
4705
2945
1355
345
2795
8390
9230
10070
10905
555
490
415
345
275
11750
12590
60000
5950
4235
2030
1310
11540
16540
1785
80000
80000
5950
11540
1120
320
1120
320
19620
2620
16890
1780
188210
25000
261115
174065
166540
17090
94870
17090
22440
2.8
9990
5595
15350
1000
670
270
145
4995
755
465
22380
24615
16785
19580
22380
640
560
5550
15420
545
305
175
55670
13220
5295
12375
710
480
180
3330
19050
28730
1900
4245
6280
8490
1660
